25,95,90,64,91,99,32,28,68,46,73,75,85,93,37,69,73,13,71,58,70,68,68,3,38,47,50,42,16,23,46,48,51,93,98,65,23,8,78,28,68,6,87,66,35,5,78,27,78,58,93,51,96,22,15,50,50,8,45,13,30,2,20,72,84,43,26,48,52,7,95,40,0,32,21,6,4,38,51,55,56,82,5,42,24,74,20,44,19,3,86,32,8,49,59,94,51,43,61,52
15,70,69,93,61,47,14,14,66,56,7,75,19,9,44,54,55,60,54,63,51,48,49,83,38,63,68,83,68,21,31,40,62,8,13,1,1,93,57,48,25,4,3,15,6,35,15,52,66,97,22,75,47,19,40,66,5,19,41,58,10,97,31,49,9,77,6,57,44,49,53,71,98,9,44,13,33,41,6,48,69,45,66,38,73,4,73,67,91,22,20,68,6,13,67,53,49,73,86,37
6,93,90,42,49,92,21,64,57,66,32,76,8,71,19,26,68,57,80,60,99,29,8,87,57,56,29,61,71,86,13,90,87,68,53,60,38,68,99,48,39,31,74,9,13,36,44,69,58,29,15,94,79,42,90,16,25,35,41,16,22,85,34,56,9,16,84,5,16,14,42,60,19,16,28,55,21,30,30,54,86,54,92,67,40,32,20,50,0,94,94,74,39,8,93,81,47,87,26,58
19,31,92,60,27,90,45,62,36,93,23,61,55,35,9,54,66,76,73,49,40,82,76,1,1,25,34,79,98,14,69,44,24,2,39,14,1,21,75,3,93,96,69,21,83,54,21,9,31,58,43,90,41,32,20,94,92,26,74,48,76,96,14,34,56,80,43,23,81,46,68,3,15,27,54,15,80,79,64,26,80,51,28,41,84,84,91,25,34,15,50,64,58,52,85,83,81,79,15,74
17,73,98,51,26,21,95,27,37,70,14,73,26,19,82,95,77,92,67,29,7,94,86,59,3,65,48,14,25,55,91,63,66,61,49,15,67,41,52,98,3,70,24,4,35,96,6,29,72,29,98,55,47,73,48,61,22,28,81,89,35,56,32,23,2,23,89,43,94,83,23,48,88,34,20,73,92,40,81,83,79,20,74,71,67,74,54,49,74,57,11,40,72,2,54,99,4,20,75,47
13,53,60,87,43,58,58,67,90,98,30,21,29,91,97,52,37,54,97,65,90,97,66,88,68,45,62,88,18,50,26,33,72,76,2,4,5,15,77,24,51,26,11,27,63,86,50,84,44,88,76,99,72,80,82,29,32,59,12,10,23,72,26,53,54,26,71,39,16,96,32,71,72,93,89,13,25,83,81,65,75,71,94,66,2,88,25,62,71,66,53,83,98,85,0,90,85,70,94,69
87,70,68,26,39,23,71,5,19,18,20,84,79,13,9,23,81,85,38,11,42,93,86,11,27,23,74,78,76,5,31,11,34,32,58,28,66,18,5,5,18,15,79,26,69,67,98,3,50,88,53,9,75,79,94,65,50,64,65,15,62,39,66,97,0,77,1,13,40,7,84,48,28,6,0,43,2,30,69,68,57,56,11,12,92,4,90,49,36,80,51,57,63,78,62,8,99,44,75,68
71,95,62,55,40,79,69,82,40,32,73,31,59,25,46,1,74,19,61,47,60,31,53,72,0,59,19,42,60,6,63,83,28,87,52,2,89,84,95,4,10,5,90,15,77,96,88,53,54,59,58,93,98,21,11,87,62,77,53,82,23,8,75,4,24,88,36,15,74,61,31,58,63,30,70,6,60,87,74,26,93,83,53,51,44,96,14,95,63,24,45,41,12,0,36,69,13,57,92,65
66,89,57,45,86,88,47,39,51,33,58,61,67,26,80,80,91,58,64,49,30,91,21,48,1,89,15,9,74,68,22,93,38,30,18,90,94,29,61,67,67,39,94,55,72,70,36,78,33,17,2,72,75,41,68,89,32,67,0,49,15,64,90,87,67,40,77,53,30,59,89,7,92,82,49,46,91,79,68,9,34,28,13,89,72,68,71,62,49,8,72,53,57,89,23,44,30,75,61,81
11,98,34,44,14,25,87,74,64,82,88,6,71,96,62,25,50,4,42,8,68,83,57,86,44,66,64,52,79,12,21,97,53,76,82,0,80,27,40,21,66,75,84,49,36,99,91,23,64,47,5,86,54,87,5,67,66,24,26,29,40,52,33,62,46,49,4,56,39,42,95,52,34,29,46,56,21,60,92,27,74,13,5,84,71,76,41,66,88,9,58,83,88,95,80,77,44,75,67,10
87,74,96,21,99,0,91,34,36,37,61,96,60,51,52,63,18,41,14,36,45,52,35,48,37,5,47,87,94,60,75,11,86,92,52,37,4,95,12,92,78,70,82,61,53,56,61,75,57,59,55,69,13,55,4,3,72,38,74,47,94,15,63,72,52,6,75,28,90,2,26,21,78,28,91,34,21,27,2,6,11,74,94,13,0,39,89,66,22,75,98,96,4,28,47,99,29,87,40,50
58,79,34,79,48,86,45,57,55,59,14,98,67,78,59,4,98,14,0,63,33,7,44,62,43,31,31,98,68,9,83,3,61,68,20,77,30,54,88,40,92,29,32,13,30,47,86,35,76,45,98,63,67,4,43,11,91,8,7,84,53,29,72,3,21,60,63,39,41,80,95,10,27,11,31,94,75,6,96,43,47,93,77,31,5,12,31,62,51,63,62,67,63,54,72,82,7,15,11,97
12,45,89,62,91,84,30,71,48,48,44,30,12,84,21,19,72,32,87,17,73,77,70,99,29,70,42,97,58,71,72,25,16,50,23,81,64,52,15,16,5,88,24,62,64,53,15,45,34,18,55,76,8,22,85,20,76,33,28,57,40,11,69,86,97,58,11,84,39,95,20,93,90,33,39,62,80,10,69,3,98,27,65,29,84,79,45,41,7,18,8,53,22,53,15,69,54,63,24,59
67,64,52,75,34,0,70,42,64,32,47,35,38,17,45,32,50,46,36,36,3,11,26,21,62,87,76,93,65,32,90,66,73,77,29,19,64,70,91,40,42,36,69,14,33,77,7,82,82,58,92,55,25,30,11,94,34,46,88,16,66,32,26,12,37,92,89,21,29,60,46,46,53,1,51,91,81,43,36,96,20,68,52,52,84,66,38,99,60,15,71,58,79,99,98,68,90,44,35,13
18,53,34,40,13,46,29,74,42,82,41,20,67,44,93,49,95,28,84,67,8,31,79,83,6,46,28,54,1,67,13,41,78,88,73,98,63,6,77,43,30,43,39,22,67,77,55,58,82,90,56,34,24,34,26,6,78,61,94,80,34,18,84,60,69,67,96,72,97,11,14,7,45,65,81,78,85,36,54,14,72,33,8,23,58,55,42,34,46,98,38,99,75,59,59,98,82,55,11,46
86,87,78,66,56,70,95,76,63,14,70,72,64,64,36,85,38,98,35,36,3,11,37,92,82,26,38,69,55,68,91,86,7,21,4,0,69,40,17,54,5,95,49,9,64,61,18,63,84,4,84,3,26,32,59,64,26,64,56,11,40,93,42,43,64,88,34,41,42,69,15,68,85,86,65,48,93,69,50,14,46,49,29,99,40,63,39,90,20,98,67,11,17,18,74,19,64,45,28,24
41,30,39,84,91,13,88,56,6,63,74,93,41,71,74,8,65,5,54,43,45,89,88,4,31,11,40,36,3,50,95,76,50,59,68,5,23,56,92,69,3,91,20,59,91,7,60,65,55,55,42,67,91,63,9,27,98,34,64,12,31,13,34,41,51,30,3,69,10,54,3,7,80,50,60,35,52,60,98,86,11,59,57,14,68,89,0,42,76,59,8,86,95,51,28,34,60,95,57,33
60,98,58,43,2,38,47,13,17,78,3,21,38,87,81,45,94,27,15,92,35,50,33,60,46,75,53,71,64,35,87,96,5,73,47,69,64,76,52,78,74,2,64,2,60,0,7,13,98,7,19,11,87,88,36,25,43,79,48,20,35,30,3,13,24,62,2,20,65,66,2,67,19,51,7,85,87,34,11,44,78,71,5,12,54,6,14,93,85,86,45,70,73,99,58,85,33,92,55,0
73,25,57,66,94,42,44,51,98,60,69,45,79,26,29,98,76,5,48,23,73,12,85,4,15,66,50,94,31,75,35,90,12,79,2,25,36,53,28,92,78,98,5,81,87,29,6,98,46,64,92,19,9,4,11,50,28,17,6,5,88,97,15,89,72,30,3,71,68,70,67,74,92,41,20,25,57,97,35,11,19,37,68,31,34,28,29,96,65,93,85,77,50,12,50,74,42,9,32,21
84,58,31,40,64,9,22,48,74,26,78,72,37,64,36,34,10,73,98,62,51,28,65,5,80,47,46,70,81,22,14,61,84,43,30,40,72,80,39,51,33,90,7,37,58,76,38,66,68,29,73,7,94,3,81,32,49,60,23,2,10,2,25,3,99,20,91,19,76,83,7,5,85,57,96,53,14,39,55,39,25,18,41,4,70,78,62,31,14,25,3,91,38,25,93,4,90,93,47,71
78,56,18,40,48,70,46,46,53,64,29,35,44,68,89,81,35,10,70,11,38,19,86,58,53,3,19,77,32,13,70,35,28,47,59,69,6,55,97,3,55,35,67,90,28,77,85,95,2,24,61,80,87,18,75,86,5,83,21,92,37,0,17,76,60,86,58,81,59,65,72,74,10,23,75,86,30,86,65,92,82,15,5,79,93,84,74,1,38,44,49,36,69,40,91,87,39,14,96,96
29,96,59,76,7,47,85,82,95,96,68,0,45,57,32,42,63,62,59,94,37,88,74,40,72,82,88,12,30,29,75,85,56,10,0,8,91,4,9,95,56,51,70,13,62,67,52,32,79,67,6,57,98,24,60,88,78,65,71,60,31,28,4,2,34,75,56,64,53,18,93,90,99,84,97,0,93,73,92,61,13,57,89,53,39,68,79,5,59,68,93,81,13,37,28,87,62,82,16,54
38,46,47,93,73,23,31,48,83,52,36,87,87,62,74,3,90,42,66,67,89,60,99,41,24,53,5,18,68,31,48,46,14,79,88,3,1,93,69,63,34,60,82,97,43,97,52,28,48,45,84,47,87,52,87,36,19,61,67,44,35,12,30,98,6,33,52,43,56,2,79,81,93,96,75,66,85,83,91,55,48,94,69,75,21,88,55,8,9,32,49,44,81,79,82,6,0,44,96,89
40,15,55,44,80,81,76,12,82,33,60,0,24,93,11,77,73,95,75,47,89,50,4,2,86,99,2,17,12,88,19,95,31,71,49,37,35,61,6,92,71,62,17,97,7,49,76,81,75,15,92,76,62,93,36,73,13,38,13,11,77,26,80,29,49,18,84,95,27,40,53,49,40,43,52,13,63,42,64,0,10,5,58,2,73,67,76,5,56,28,96,93,56,34,28,65,76,87,38,67
35,64,17,95,69,4,71,33,91,96,57,35,24,81,86,82,97,4,2,45,45,80,40,47,74,61,60,28,61,53,94,16,29,70,32,24,80,60,52,50,29,25,64,26,1,22,61,27,20,1,79,1,8,93,19,82,49,19,29,3,67,55,53,39,89,2,86,3,31,84,38,5,1,56,39,59,0,78,16,68,92,53,53,36,48,16,37,78,21,91,53,6,18,71,79,65,70,91,34,0
55,20,52,10,29,76,49,7,21,69,43,7,9,65,20,13,7,89,1,16,52,32,12,1,12,58,28,79,11,12,66,28,44,54,34,2,28,68,36,31,85,13,39,9,51,81,46,18,91,5,60,55,98,29,49,73,35,37,30,39,55,83,25,38,55,96,51,26,59,57,24,21,83,55,47,52,56,24,80,4,0,19,72,48,22,7,93,85,75,85,88,11,60,43,46,25,20,75,13,88
19,70,24,38,32,42,79,66,86,76,22,57,16,23,63,62,44,11,55,43,1,18,41,97,63,50,50,95,73,87,12,89,57,6,45,48,10,27,13,22,43,1,56,74,84,96,12,61,94,0,25,18,51,1,38,31,0,83,67,64,12,78,8,67,90,19,53,1,64,23,35,3,41,0,35,55,29,39,40,35,7,50,89,93,29,29,40,90,31,3,42,16,12,71,99,6,71,26,11,75
85,73,86,75,87,3,43,97,79,41,95,45,1,15,78,88,15,31,14,64,29,99,10,15,58,18,31,11,89,43,33,18,63,76,13,73,87,34,29,73,12,80,37,50,51,94,99,94,55,80,78,70,36,46,22,28,43,27,93,99,31,96,52,49,25,25,41,67,22,26,6,58,96,55,64,40,89,81,84,76,53,26,47,70,46,86,18,59,71,52,64,28,28,98,42,22,87,23,1,21
85,84,49,47,19,74,46,7,54,46,13,69,92,49,90,85,96,95,88,78,27,62,51,90,31,89,4,77,37,1,72,13,40,35,96,83,6,99,27,29,16,44,28,64,84,6,86,35,90,87,32,22,86,15,45,26,47,63,57,32,63,35,53,20,15,49,88,81,85,64,55,12,48,40,89,36,78,23,53,57,25,38,0,63,22,29,38,49,35,44,76,48,77,26,84,52,9,79,40,1
27,2,10,96,59,9,74,73,34,85,6,58,10,79,68,63,32,44,87,80,35,95,90,36,20,96,42,41,77,12,79,20,55,57,73,15,29,28,29,15,4,72,35,56,95,78,73,12,73,20,61,47,83,14,51,83,2,38,9,97,81,20,69,29,78,0,45,4,61,72,29,4,15,79,24,64,93,38,63,40,51,79,63,82,65,35,21,88,13,88,7,61,37,99,96,37,64,50,38,61
53,94,46,8,57,92,41,27,89,10,18,33,70,43,19,64,4,33,0,37,58,86,71,61,96,59,80,83,17,0,28,43,72,72,5,39,13,59,96,53,6,47,1,36,41,75,77,4,29,67,20,68,91,92,99,27,37,51,7,56,14,54,48,56,23,61,31,48,71,11,77,74,91,54,75,57,60,37,22,94,74,26,50,79,36,51,79,84,90,97,35,38,36,70,23,67,50,64,15,93
37,77,99,63,37,22,25,57,81,43,34,32,5,3,49,28,95,81,11,2,41,97,80,91,18,87,61,29,92,45,94,88,24,47,49,0,84,15,93,75,77,10,27,73,7,9,49,19,85,92,62,99,8,93,69,83,19,64,34,71,19,78,2,98,69,46,16,67,6,48,82,96,67,83,79,90,95,92,65,54,6,45,18,49,73,52,5,24,42,7,76,35,9,50,14,55,70,31,99,88
76,8,36,36,86,43,67,92,20,2,17,97,69,5,36,77,94,21,98,55,93,91,92,9,70,74,56,9,3,69,70,59,17,21,66,47,66,82,83,50,97,78,86,24,80,36,71,18,1,64,41,49,50,75,60,63,32,93,23,14,49,64,7,91,6,54,74,1,45,31,59,95,24,54,94,81,51,17,90,68,6,14,62,11,74,37,71,39,70,62,67,64,18,44,23,54,2,56,40,63
96,57,97,57,65,9,28,11,44,96,78,84,43,8,99,57,22,10,35,32,76,61,16,72,10,95,22,96,98,65,3,37,21,91,58,86,89,90,17,34,30,87,81,21,50,69,32,11,3,83,22,47,45,46,7,63,63,96,68,17,9,0,53,45,6,69,32,82,49,89,86,66,23,29,57,16,77,68,47,69,98,35,92,88,60,1,24,1,34,73,46,41,38,42,76,70,71,91,94,39
70,88,83,70,4,44,9,74,91,66,50,87,25,77,95,99,75,79,1,27,8,7,82,26,42,69,60,95,26,34,59,47,13,87,49,88,71,18,40,20,42,20,28,41,8,54,17,1,96,14,84,28,20,1,10,57,15,71,67,0,33,54,22,82,86,27,17,78,41,97,28,51,47,9,30,38,39,31,15,52,53,23,86,31,67,72,91,8,37,77,1,41,65,88,92,0,55,47,21,2
7,50,84,6,18,57,37,85,92,55,2,47,26,22,72,91,48,16,95,68,26,45,41,24,82,46,8,14,29,82,66,11,95,47,74,44,95,69,1,4,32,46,62,5,44,94,22,51,44,72,83,72,77,66,32,39,73,67,21,79,6,66,64,86,1,98,95,52,20,62,46,68,51,17,50,14,80,33,88,21,68,14,63,50,36,91,30,54,90,3,15,97,55,44,57,99,64,32,93,43
92,24,44,58,38,5,77,89,88,59,4,64,69,73,67,5,63,27,16,73,44,64,72,74,97,71,47,12,36,29,81,84,27,31,19,81,68,72,4,79,8,26,1,50,31,94,63,8,50,78,82,27,50,14,18,2,61,38,13,25,35,87,13,61,71,13,24,38,63,55,20,88,85,27,37,63,13,35,98,53,49,0,8,68,48,17,47,55,24,72,62,64,66,83,27,66,13,29,19,7
41,22,52,28,94,83,14,79,80,8,50,7,53,32,33,49,9,90,12,98,62,20,28,63,79,90,87,58,32,22,58,82,92,27,74,98,81,83,32,58,79,44,27,52,36,83,21,75,0,2,24,23,44,61,60,59,72,8,43,3,14,43,11,50,85,89,48,6,68,23,29,7,52,57,90,13,48,95,97,59,94,10,56,51,97,22,53,53,70,25,29,41,20,32,81,23,21,88,39,97
19,56,6,27,20,91,60,5,38,92,1,16,88,89,59,73,16,26,86,83,67,46,93,32,56,63,34,28,41,29,42,5,57,17,48,85,5,11,14,14,49,99,33,84,17,61,14,83,83,98,44,90,73,3,75,41,12,67,87,34,54,85,47,81,72,19,53,16,58,44,0,76,75,20,30,87,27,45,2,32,98,27,99,61,61,45,73,45,17,89,55,49,48,91,61,52,32,86,40,81
46,57,59,58,15,98,75,53,69,1,89,69,89,67,55,60,77,99,27,41,40,9,90,64,49,61,86,14,5,76,91,81,23,76,56,84,92,13,80,20,44,86,21,43,46,65,73,43,87,2,1,2,38,84,49,44,94,74,71,11,21,90,46,54,56,72,72,3,8,86,55,45,31,59,21,11,91,52,15,54,55,37,57,61,49,86,37,89,2,69,30,75,58,38,25,83,40,72,17,52
97,53,1,91,2,20,43,26,92,40,22,4,76,62,36,4,4,42,83,52,1,75,71,84,67,40,37,39,17,73,77,14,98,91,87,95,30,79,19,14,6,62,58,44,37,14,21,8,59,20,82,29,74,11,99,14,74,34,60,52,7,62,27,59,22,39,10,47,49,28,19,5,42,8,71,58,61,18,66,24,61,67,26,91,56,97,68,84,26,84,15,9,94,41,41,68,35,77,86,73
29,18,66,86,20,98,43,73,21,2,31,70,71,23,55,22,95,63,22,76,67,65,80,62,13,39,55,14,7,35,0,77,44,74,89,41,36,60,30,80,71,66,17,89,51,48,23,24,74,55,84,44,96,53,83,60,99,26,5,13,38,47,11,88,28,45,21,78,32,70,82,99,47,49,61,48,15,87,75,90,31,51,61,87,10,95,75,39,73,77,93,95,22,4,69,16,92,0,99,94
24,40,70,30,38,92,91,97,18,42,67,89,61,76,95,87,60,92,18,94,27,72,63,55,32,37,79,30,94,55,37,95,86,18,42,9,77,77,37,77,39,27,17,9,2,19,55,91,70,61,93,57,38,54,31,17,74,85,70,50,15,7,18,22,29,84,20,97,5,89,80,80,99,8,73,14,42,39,93,66,92,75,24,43,14,35,54,47,62,95,55,97,17,1,36,6,12,59,57,50
84,87,13,31,90,39,13,61,46,3,98,89,71,57,94,13,95,4,44,50,14,73,17,53,35,25,98,81,10,94,69,63,83,12,44,73,19,7,82,60,92,46,30,42,11,97,78,83,28,43,78,15,11,33,94,9,36,20,79,13,69,17,68,79,22,47,10,64,36,99,27,55,24,63,51,84,21,33,35,24,70,68,40,91,48,38,99,40,61,25,48,58,80,34,32,3,45,59,70,99
41,41,88,50,74,95,6,29,41,50,43,2,15,20,28,11,60,37,52,91,72,35,65,73,66,13,31,31,79,85,25,39,11,21,25,32,61,10,7,38,90,70,64,60,5,65,49,78,2,82,49,63,20,44,53,73,72,54,60,36,75,31,1,65,33,64,63,59,16,15,6,28,22,22,55,30,14,81,60,23,62,30,26,66,6,92,30,0,52,90,11,28,71,85,67,30,59,56,72,79
35,14,45,50,74,88,83,18,78,24,50,64,46,14,83,42,86,18,74,97,63,20,15,10,68,28,30,84,54,72,31,24,36,63,31,13,41,75,76,26,19,5,32,6,94,40,83,58,41,40,84,65,95,12,31,36,58,97,0,17,20,91,87,17,65,65,84,21,29,73,63,1,86,82,80,64,31,53,86,73,51,14,10,5,7,12,92,76,32,2,51,67,81,63,1,42,9,89,0,2
49,43,70,14,20,10,32,46,13,65,19,62,61,12,64,20,44,10,51,38,7,86,38,41,20,44,6,26,88,13,61,63,0,4,47,29,18,83,45,76,97,74,50,15,85,77,81,62,63,77,85,35,32,69,4,56,89,15,5,53,32,59,8,43,21,52,94,46,62,80,73,89,46,20,24,23,99,0,71,39,25,44,10,94,8,11,46,59,49,46,18,92,87,21,88,66,11,46,14,55
82,55,28,90,59,40,63,88,62,60,28,88,98,18,36,98,90,23,52,19,66,89,4,77,2,94,3,8,18,70,43,37,36,53,81,26,84,33,53,77,64,20,7,76,45,69,97,63,67,73,54,22,47,28,65,40,20,53,76,6,55,57,1,4,46,90,32,11,30,56,91,10,2,92,48,69,30,19,78,52,46,46,24,77,65,15,68,39,48,8,90,84,58,16,25,15,25,58,8,40
81,90,41,41,93,22,18,1,93,12,46,17,64,54,72,90,74,35,25,34,45,98,82,76,82,58,11,48,38,52,48,89,80,1,51,43,41,83,6,63,28,84,86,35,3,94,1,15,56,16,56,15,84,60,37,73,98,9,13,44,33,52,15,49,37,67,96,76,63,62,59,25,28,42,56,16,86,42,17,4,45,11,79,30,78,40,22,42,94,32,3,77,29,42,50,86,31,11,8,51
86,40,71,32,89,11,84,33,73,31,53,68,67,73,57,59,20,41,71,51,90,58,50,70,57,92,62,24,32,41,4,18,27,92,62,4,95,33,37,10,34,9,56,76,41,76,91,64,86,16,55,70,38,57,15,66,59,82,10,91,66,74,48,61,64,24,68,38,70,22,18,68,2,13,23,1,87,37,25,84,98,67,50,7,13,6,89,91,76,14,2,36,8,96,80,78,49,63,34,31
95,24,76,48,47,47,2,91,45,63,62,88,75,60,88,85,5,23,57,86,97,35,53,70,27,56,62,87,82,14,34,99,7,94,57,33,36,32,98,68,82,95,54,28,83,54,15,83,23,70,42,90,5,23,21,69,80,73,40,16,44,66,78,91,41,25,10,25,38,83,95,44,8,81,46,0,14,58,40,3,99,26,97,18,95,20,5,45,68,97,78,65,73,65,36,10,14,18,47,58
77,64,1,60,82,21,18,87,6,31,39,80,96,64,61,80,93,55,3,83,40,2,49,88,88,26,76,54,40,87,86,73,64,21,7,81,58,62,98,64,40,55,3,45,26,1,99,64,24,98,86,78,48,43,93,37,65,15,73,50,34,86,32,22,86,7,92,11,1,96,90,72,54,31,42,52,86,94,65,64,25,90,68,13,16,32,21,88,71,43,35,73,91,42,71,9,64,24,43,26
1,18,93,22,88,82,41,13,24,24,41,45,17,76,21,82,77,48,87,37,93,58,1,91,78,6,1,72,51,92,60,77,44,19,47,89,49,93,37,21,10,60,38,2,72,41,43,37,63,93,29,9,80,12,58,11,72,97,20,9,15,24,3,89,77,2,92,76,50,63,58,76,23,84,61,7,87,72,77,83,61,54,79,80,50,38,87,91,18,98,25,67,70,16,83,59,57,82,68,37
21,71,56,8,48,85,11,12,99,38,51,88,15,50,46,93,85,19,70,62,7,30,55,73,78,48,47,53,33,33,94,41,75,68,25,24,70,97,70,94,7,76,90,57,34,27,91,85,44,3,24,77,16,74,48,87,60,51,69,9,96,20,65,17,23,99,0,41,64,69,43,94,90,31,4,15,0,20,91,15,81,60,84,85,0,95,64,35,4,33,45,15,22,30,31,32,1,94,66,67
66,86,85,97,90,20,19,59,54,87,99,90,73,98,84,7,74,65,67,34,90,50,52,87,89,99,11,37,31,0,17,96,63,78,71,2,13,90,66,91,67,37,28,97,99,38,42,39,45,18,56,93,67,14,69,60,33,6,92,83,74,79,60,88,8,4,90,86,39,5,3,64,44,90,83,9,16,96,65,45,78,38,13,30,36,70,10,21,64,70,64,29,13,19,42,27,46,76,30,39
7,36,14,53,75,33,95,38,53,12,1,73,82,50,58,60,89,9,98,60,14,19,32,69,23,8,20,41,36,1,93,88,51,13,41,92,49,36,63,32,74,92,45,94,82,39,49,36,54,65,94,86,23,19,80,36,85,8,30,53,9,44,71,17,11,93,13,78,65,88,27,58,96,54,61,25,20,74,43,3,16,54,6,78,33,97,25,66,58,35,83,74,47,30,13,39,1,43,13,57
67,1,46,23,16,3,45,13,94,47,37,24,21,95,66,47,14,85,95,9,84,40,51,90,29,80,62,12,25,39,53,19,39,62,83,62,28,64,28,71,75,77,28,19,96,88,46,35,18,79,21,64,54,37,81,35,38,90,7,96,26,64,94,94,58,50,3,21,69,27,21,82,37,95,88,94,7,28,49,45,8,69,93,88,59,76,61,74,25,55,30,32,87,97,71,88,56,74,69,58
39,12,6,22,52,74,50,9,52,57,33,20,69,96,24,87,15,70,35,47,50,41,60,51,74,34,84,0,21,35,1,57,48,56,25,37,19,85,47,83,85,60,25,17,92,91,27,57,53,82,38,76,89,59,47,69,44,41,19,18,85,73,79,73,1,4,86,50,88,57,22,32,70,20,47,72,15,72,83,76,84,84,17,55,22,3,8,39,81,9,22,57,12,5,53,95,64,71,38,65
81,34,0,97,25,74,70,6,53,87,16,49,89,30,16,3,95,27,63,34,7,30,23,15,55,21,87,92,98,28,66,32,30,49,12,41,23,58,84,62,69,36,11,63,34,1,9,19,26,34,98,47,84,44,6,78,41,39,90,25,55,36,90,33,95,7,93,27,75,8,63,10,28,60,78,48,15,41,92,94,63,80,96,1,88,22,10,55,23,6,83,99,31,44,86,85,49,53,58,18
80,34,67,8,82,61,46,30,86,84,91,60,70,40,72,78,50,6,30,45,68,86,90,8,99,50,91,66,78,39,94,90,36,3,53,57,63,93,36,46,30,64,56,1,92,89,70,56,34,69,26,34,82,62,39,32,70,89,73,26,69,31,41,66,92,13,6,61,98,21,32,57,13,72,19,19,4,2,86,79,36,93,68,37,39,52,28,38,63,67,32,69,53,89,10,85,24,3,45,59
63,51,59,99,51,92,77,15,1,28,39,96,85,3,57,96,71,42,5,92,80,5,9,17,58,29,55,38,63,42,68,43,44,71,58,89,38,6,45,26,42,99,0,32,94,30,51,83,15,24,27,51,45,13,43,87,37,3,44,22,4,57,27,40,91,49,61,77,89,20,53,52,1,96,83,33,95,65,68,14,35,18,17,61,29,77,73,15,62,29,85,76,91,83,27,3,4,29,20,93
23,84,42,83,99,99,24,72,71,96,28,77,3,59,66,91,39,95,79,39,63,95,30,77,29,66,71,54,61,24,5,90,73,38,45,17,10,81,57,74,99,30,18,38,86,18,74,15,19,39,23,89,16,69,11,58,4,58,46,65,1,55,57,51,41,94,42,82,56,40,41,61,82,53,53,38,42,67,70,59,56,44,12,17,72,31,13,51,16,43,59,79,90,5,27,18,10,37,18,63
39,61,53,35,54,44,87,75,9,20,75,67,96,39,11,70,50,21,34,57,57,87,8,40,20,79,74,24,14,72,35,41,85,18,77,41,17,57,28,48,14,63,71,83,54,22,54,34,90,93,1,35,84,91,98,39,28,36,41,19,24,46,15,91,32,86,9,31,39,57,29,32,79,74,56,24,63,48,55,38,72,60,49,66,98,71,94,37,71,0,28,12,54,71,4,70,36,60,2,78
78,10,17,66,2,16,13,97,24,58,86,55,84,34,64,65,21,11,11,26,34,46,27,58,26,22,51,34,87,5,37,69,83,14,38,40,79,36,71,75,70,93,65,4,95,91,31,73,85,55,70,96,19,68,44,33,43,64,9,47,13,8,71,8,8,99,96,14,18,17,72,50,87,31,81,70,5,37,80,26,29,46,80,99,27,78,1,45,62,97,35,56,72,34,20,31,34,94,76,64
58,58,42,44,31,76,39,56,10,30,16,14,73,89,65,63,99,81,96,78,39,35,87,23,96,56,22,51,52,34,47,36,64,70,20,78,78,85,31,51,92,84,65,85,42,89,85,29,95,52,74,63,89,83,8,92,52,30,29,36,86,61,38,57,32,85,64,62,38,45,83,77,93,25,86,33,75,37,95,9,91,26,56,99,41,35,35,74,94,16,58,26,4,11,27,47,62,14,46,93
46,94,56,53,15,55,29,87,19,30,64,99,64,63,54,30,50,74,6,7,31,72,12,52,61,27,21,0,71,26,92,11,39,86,67,9,88,6,38,60,36,34,48,50,9,74,58,42,98,93,88,22,11,52,96,8,83,75,32,6,12,29,86,39,17,20,79,75,34,96,73,67,80,93,52,82,15,79,64,84,87,20,23,91,79,53,65,1,31,66,62,80,95,57,59,55,66,87,59,83
21,44,92,14,56,18,84,51,66,27,46,73,89,99,41,11,23,13,5,61,25,33,58,98,31,77,68,48,0,76,5,26,92,50,43,54,0,79,81,0,86,51,36,87,74,37,24,12,54,17,3,14,73,49,86,4,56,68,25,30,13,58,24,58,90,66,25,59,8,46,85,16,86,81,67,65,21,2,81,87,15,91,79,32,76,21,32,75,33,41,70,6,54,58,5,50,76,89,76,72
50,53,16,38,53,76,58,66,96,64,60,2,7,46,66,91,42,86,28,71,59,83,0,16,23,65,66,98,10,8,95,59,53,7,74,42,57,78,55,26,34,85,30,22,64,92,50,34,91,82,33,13,51,74,62,49,4,35,2,28,24,98,91,25,23,44,14,84,73,76,87,6,40,1,45,73,62,92,6,0,23,73,72,54,87,65,35,95,80,40,17,17,82,78,38,90,38,14,97,95
56,89,98,1,35,43,16,53,54,8,80,34,99,28,74,28,70,42,55,25,61,65,92,50,28,42,40,8,16,35,26,70,83,97,70,88,65,85,25,4,80,68,81,47,36,67,52,65,11,48,24,22,59,66,13,6,97,18,71,75,78,66,25,46,17,87,17,32,35,16,56,74,15,59,39,11,68,53,8,75,45,36,33,60,61,27,62,82,8,84,90,7,76,91,20,51,90,79,44,14
11,47,88,80,77,78,36,66,86,42,45,19,62,84,75,58,4,92,14,46,13,89,48,28,66,41,65,48,2,18,23,14,82,43,72,1,75,84,41,79,48,95,86,69,30,65,63,23,97,21,10,2,54,84,59,35,94,62,96,0,79,94,88,86,76,67,84,24,54,10,20,87,65,76,73,28,82,45,45,75,95,77,50,15,96,23,25,49,70,69,75,28,88,29,1,40,89,52,70,18
31,55,45,93,68,79,59,76,26,23,11,86,16,54,92,14,63,71,26,68,51,68,55,73,25,14,38,15,54,98,70,53,49,9,86,55,93,78,68,50,39,95,93,30,3,25,94,63,24,74,46,81,42,89,32,16,80,51,14,7,40,36,14,83,18,15,57,68,47,11,13,12,64,17,35,84,55,18,42,35,70,45,42,92,20,71,29,61,16,84,42,2,12,62,93,68,6,9,52,97
46,6,51,83,74,36,17,13,69,92,51,2,32,0,34,59,73,6,15,73,52,14,18,28,25,5,81,92,76,29,18,59,28,50,1,17,6,17,62,57,17,60,47,97,32,33,15,46,90,85,25,11,96,25,74,41,6,73,52,45,5,37,50,69,55,97,22,48,2,87,96,35,56,44,41,79,25,30,15,66,76,21,58,66,65,20,36,31,62,48,85,31,0,37,61,9,38,23,88,30
86,25,29,76,4,79,67,32,46,96,70,98,79,70,30,69,58,94,73,19,78,89,47,19,38,19,28,57,81,26,65,56,44,83,12,62,80,57,76,70,83,36,99,44,27,76,48,30,3,35,89,37,44,82,37,32,67,44,2,48,28,89,86,19,8,10,46,25,42,54,25,54,46,28,75,90,26,74,40,25,88,40,67,73,31,0,2,56,78,79,3,24,25,60,98,98,20,87,51,18
0,97,78,53,65,40,44,25,32,46,37,55,39,98,22,93,19,12,73,37,80,2,43,91,57,63,17,5,25,97,34,69,51,2,97,90,82,33,39,92,46,19,24,6,59,98,6,76,65,11,98,57,60,62,99,57,31,43,19,33,14,77,78,17,19,0,88,93,93,27,63,91,65,91,72,52,2,27,12,99,33,12,24,87,34,65,8,67,69,94,45,63,44,59,41,41,71,60,99,31
64,65,38,95,43,39,4,37,0,56,40,2,14,26,14,40,33,2,90,69,90,54,71,65,32,27,15,37,74,65,64,27,97,33,14,49,19,17,3,45,45,31,63,83,30,10,28,96,23,44,60,26,18,34,1,70,2,20,6,42,25,21,76,27,25,2,62,22,12,52,28,6,0,70,52,14,83,10,78,65,56,20,23,47,70,38,2,7,68,33,59,85,21,26,95,24,77,17,11,84
83,40,44,13,19,27,31,75,32,60,44,62,7,4,17,32,0,3,61,64,57,42,61,74,14,75,19,92,95,83,41,59,79,42,13,65,50,45,40,97,32,16,57,74,27,63,12,28,11,35,65,26,72,4,51,12,89,7,35,40,76,95,23,75,35,61,90,93,65,4,58,59,19,54,16,38,10,51,77,23,76,83,39,47,92,95,75,15,59,17,86,55,66,44,97,23,28,55,20,47
51,26,70,34,99,18,82,9,76,67,37,0,38,79,39,87,49,69,34,39,42,94,40,18,19,15,84,19,94,54,81,93,27,30,67,70,58,61,51,20,27,16,88,9,97,34,49,24,42,86,79,45,33,56,85,89,24,49,76,20,68,51,83,67,84,48,26,40,2,83,73,42,25,87,40,63,12,92,23,50,84,4,79,21,13,42,57,34,66,78,91,38,53,61,10,10,93,43,22,50
9,96,26,4,42,7,51,98,4,94,60,74,8,67,87,44,46,61,50,3,28,69,89,56,56,24,30,53,43,63,42,73,38,51,27,10,38,64,66,44,61,76,40,84,29,76,71,53,51,66,31,6,72,13,1,74,2,46,78,29,84,20,83,38,51,18,13,80,49,42,15,39,70,63,83,65,82,85,77,93,77,25,58,83,57,55,76,40,71,0,26,26,32,74,95,1,90,63,27,76
5,91,26,58,41,30,86,72,13,75,74,75,48,16,44,95,49,74,76,86,38,51,47,91,27,70,39,58,99,3,63,57,31,39,32,61,39,3,85,50,13,9,50,55,3,43,98,99,49,22,30,74,15,40,16,71,17,69,15,92,32,82,62,3,11,93,87,79,0,67,90,7,5,77,27,6,68,65,26,99,90,73,9,91,37,16,91,34,8,61,71,72,41,86,21,39,62,33,40,23
73,62,44,82,21,77,91,68,68,99,86,15,4,78,36,87,84,1,25,88,25,88,46,67,93,80,58,69,54,1,36,61,72,2,85,83,50,30,51,56,67,73,26,86,53,20,41,98,23,55,15,2,28,29,49,7,13,31,0,53,12,40,13,65,70,69,22,15,16,85,14,15,81,9,4,42,79,17,54,77,91,2,99,74,12,74,18,30,1,12,80,12,51,73,57,29,59,41,84,53
75,17,52,39,63,17,23,58,90,5,79,55,34,35,3,87,54,30,89,16,70,58,53,52,9,79,92,50,42,99,0,15,14,62,12,43,77,96,27,3,25,63,79,18,28,21,31,95,44,99,33,47,48,2,68,51,29,42,25,38,69,25,63,84,47,5,5,31,42,2,74,95,24,32,79,21,91,41,71,31,44,1,1,18,91,76,52,51,49,41,23,32,50,88,40,50,62,19,54,59
79,75,8,14,6,25,47,41,3,57,69,44,26,77,40,87,22,55,20,17,66,65,91,19,86,59,13,67,83,24,88,70,37,95,3,79,28,51,80,3,64,57,51,32,36,14,83,88,55,27,55,28,59,58,12,90,95,61,66,41,88,32,67,68,26,70,68,97,5,5,77,11,66,64,64,55,1,1,6,52,7,17,28,67,61,26,24,95,4,25,90,35,97,56,35,82,91,11,8,61
16,79,23,92,10,55,83,25,93,67,52,22,46,13,86,22,73,31,82,56,86,81,75,49,41,76,4,61,2,27,15,72,69,91,7,86,7,63,99,90,7,18,23,95,80,66,17,49,32,37,96,77,5,7,69,5,50,25,62,51,43,17,86,96,40,35,70,10,73,52,79,23,3,13,90,41,28,68,49,64,89,58,44,24,17,70,99,99,77,46,18,97,68,86,32,89,81,28,36,72
28,98,85,29,44,78,20,9,56,34,21,92,65,88,86,22,17,0,45,82,8,37,39,81,11,7,94,49,11,93,37,21,62,46,54,41,43,33,11,89,16,0,34,72,57,21,2,97,19,15,93,66,75,83,31,85,15,42,7,38,27,44,43,43,8,16,29,52,90,30,65,26,57,17,6,47,40,28,97,66,7,82,19,73,56,0,6,61,73,80,7,93,18,4,71,6,35,28,21,51
9,31,84,78,55,62,71,59,49,11,97,52,40,32,96,2,33,72,8,28,13,89,98,61,94,58,82,14,62,8,93,66,53,81,1,93,46,14,29,80,92,80,7,0,14,70,30,24,22,59,62,50,2,50,25,8,93,48,7,96,33,19,19,38,2,40,27,20,17,52,91,88,56,19,65,63,4,50,97,47,67,76,88,5,32,8,68,23,60,41,3,92,24,64,17,83,30,80,91,16
24,7,10,95,60,68,76,99,16,45,10,36,93,30,9,49,60,6,19,61,50,84,55,48,30,87,9,84,16,3,81,95,2,41,27,53,37,12,40,45,42,94,20,49,2,45,20,64,4,87,46,10,71,4,67,89,71,65,73,50,32,41,23,62,90,84,15,83,3,44,38,50,43,36,16,53,29,2,74,73,38,90,94,57,35,22,56,23,29,44,8,41,85,68,90,76,59,87,41,79
82,23,88,65,31,2,68,83,84,47,73,41,68,5,7,60,77,20,46,31,27,53,52,64,7,39,66,13,35,68,1,44,50,53,56,62,32,42,26,84,48,63,55,6,93,45,36,39,70,59,83,37,80,6,49,48,5,71,65,97,0,13,52,31,32,73,17,3,48,45,15,89,89,24,58,7,28,80,42,93,0,85,94,10,58,1,80,33,59,98,23,6,94,65,3,62,83,56,30,36
59,5,19,71,4,81,86,43,94,55,10,37,88,81,88,80,0,16,67,21,57,75,63,95,50,82,12,93,42,30,59,95,65,45,39,80,89,27,13,78,63,71,45,4,8,5,0,76,49,53,89,97,11,34,5,82,12,35,24,66,29,41,39,32,27,16,93,41,13,3,74,85,21,37,33,1,67,6,7,14,27,21,11,25,23,17,34,79,40,14,33,35,5,26,15,42,55,97,23,55
88,84,51,62,45,39,75,66,24,93,47,17,97,28,8,58,24,81,14,66,29,66,53,54,80,14,3,22,43,8,93,69,76,48,57,41,34,62,8,45,55,74,53,75,61,71,0,54,45,37,37,67,8,14,33,40,13,75,96,35,25,96,24,54,30,43,62,11,61,54,15,61,84,25,56,47,35,27,97,55,56,98,80,29,69,73,99,93,93,91,66,61,74,55,84,4,99,26,20,87
60,59,6,51,63,10,50,96,11,91,26,50,10,70,17,91,39,98,79,46,40,0,57,99,76,81,15,16,63,59,94,42,65,72,4,12,81,29,14,13,35,82,96,75,43,66,38,82,14,91,69,85,93,15,96,42,82,60,98,27,84,79,15,58,32,50,79,52,85,40,70,45,62,85,23,65,86,62,72,19,54,12,99,4,70,82,27,70,38,37,6,73,90,77,57,16,78,76,86,8
82,9,1,77,90,48,44,36,88,87,84,25,40,12,8,16,19,59,22,92,66,67,75,69,49,43,0,84,75,69,6,10,36,48,53,80,16,57,47,79,47,40,99,85,15,72,14,58,16,48,95,17,52,23,31,53,42,63,4,4,49,24,36,41,90,99,32,34,47,98,92,54,4,97,60,89,82,47,98,30,37,63,65,59,16,3,26,90,25,66,79,85,56,76,97,88,1,25,73,23
82,75,17,95,92,63,82,84,52,8,71,89,77,61,27,27,67,96,35,82,1,66,51,43,73,23,74,67,93,61,35,67,89,37,22,81,8,60,99,24,36,6,73,17,8,94,16,35,8,33,94,69,3,42,9,84,38,94,53,27,93,3,0,24,65,85,56,25,39,7,6,75,87,33,46,13,92,96,55,1,6,94,13,78,39,68,76,15,75,88,5,92,77,37,74,59,81,13,50,44
19,0,70,8,15,81,95,44,99,69,60,99,25,29,67,55,53,61,95,51,5,95,73,35,16,28,72,72,22,42,68,94,37,31,29,35,62,0,17,24,59,78,0,96,35,20,98,57,16,52,28,58,5,92,54,73,23,22,10,32,83,5,36,63,73,36,23,66,87,62,99,3,1,74,68,15,9,52,39,64,61,37,40,67,15,22,93,75,55,81,85,97,63,66,65,26,87,23,34,82
26,53,29,98,77,64,12,83,8,42,74,3,60,95,35,46,80,10,43,26,51,69,67,47,39,71,14,53,73,11,0,24,74,28,46,59,62,37,58,90,48,41,53,18,45,46,12,35,20,44,61,96,48,55,90,41,75,50,49,18,72,50,41,91,78,12,78,1,17,26,15,80,17,14,98,17,77,69,3,40,12,70,99,61,17,24,84,2,58,42,81,81,33,43,62,98,13,80,5,42
84,63,20,37,15,22,65,93,55,91,19,65,68,16,69,13,0,41,42,40,16,36,31,68,40,24,97,77,32,12,40,87,72,53,20,41,26,50,15,56,81,77,3,82,47,53,55,94,13,69,73,88,3,21,94,11,4,97,22,93,17,18,78,40,87,83,73,58,41,51,40,37,22,70,69,86,27,2,82,33,10,92,45,37,91,16,17,58,89,14,39,76,35,64,7,26,96,1,5,73
49,23,2,87,25,56,14,6,6,76,22,76,68,57,36,40,13,48,14,53,22,33,47,47,41,57,8,31,78,26,46,11,63,99,23,24,61,30,94,78,27,63,64,33,96,38,8,74,62,43,95,85,19,95,71,11,3,98,94,76,20,77,41,6,90,19,88,90,79,14,14,99,95,90,23,40,88,94,24,54,95,34,57,31,30,71,28,72,34,59,80,98,40,41,22,86,13,66,85,11
80,99,76,59,30,54,7,56,8,46,42,91,61,54,5,66,16,55,10,66,28,18,81,66,42,46,88,67,83,32,96,3,87,96,62,14,8,58,85,68,55,18,68,90,55,74,6,12,1,17,23,52,42,22,28,92,76,41,84,94,6,8,24,51,57,73,36,48,56,57,34,0,97,5,10,22,21,58,1,16,68,51,21,71,68,0,10,74,12,65,82,27,13,3,76,39,42,52,86,52
79,42,68,24,24,24,71,16,27,95,69,35,85,25,88,25,66,88,14,1,16,4,77,48,58,54,53,70,49,14,66,34,40,44,97,25,81,58,0,40,95,89,81,16,91,88,70,57,86,28,98,59,67,12,57,14,80,9,49,71,9,4,38,31,38,51,75,15,12,36,84,57,86,80,88,14,51,21,69,59,3,87,66,14,16,55,80,71,27,37,30,55,59,56,10,28,58,74,4,5
18,86,85,82,38,95,20,17,79,38,78,42,45,85,68,14,50,72,14,92,71,57,48,12,75,41,4,94,46,83,18,81,75,31,6,92,18,18,25,70,33,54,98,2,85,87,87,62,96,49,22,8,71,64,62,85,92,54,99,83,21,30,59,35,33,30,65,45,43,91,24,2,53,24,20,25,73,16,47,10,83,69,30,88,38,47,19,81,89,51,47,59,41,74,89,15,56,0,6,90
50,80,98,22,39,89,63,93,91,18,89,71,74,63,61,65,56,22,51,2,50,51,89,24,37,98,68,85,0,16,19,25,12,62,23,99,92,86,6,59,30,62,38,0,89,83,48,60,79,16,64,5,33,28,1,85,93,32,11,31,81,50,43,42,18,63,51,66,29,70,2,89,86,12,71,65,44,43,62,3,11,91,67,30,57,27,73,38,59,77,9,50,2,50,72,79,77,70,80,30
