99,51,81,99,18,93,88,88,73,31,84,5,42,4,23,25,91,17,76,97,28,63,84,37,79,43,61,71,68,29,6,62,98,22,91,75,20,82,53,57,72,67,9,18,14,42,92,99,87,83,63,6,96,54,17,79,45,34,29,23,60,75,51,58,59,78,56,56,58,8,16,96,83,1,33,51,73,72,91,47,59,75,81,87,2,23,17,78,20,89,47,57,74,38,99,44,89,83,81,77
10,51,70,58,36,55,11,44,27,27,46,96,43,47,91,92,26,4,44,95,28,20,56,71,21,99,31,90,36,18,82,54,31,78,99,39,82,86,74,59,40,70,25,44,12,24,31,86,94,31,88,60,24,59,25,51,97,25,47,10,3,70,3,21,59,68,12,35,13,69,97,59,42,89,32,67,34,39,99,87,71,34,80,4,52,71,40,84,31,83,87,11,57,54,38,22,83,11,69,42
18,50,70,41,31,52,35,84,58,68,60,32,49,40,40,60,5,89,99,84,81,90,61,75,78,29,16,71,92,29,17,21,7,95,49,93,44,55,4,2,0,15,15,12,5,47,77,33,34,20,90,57,84,44,71,61,64,44,6,31,94,22,25,78,12,76,81,92,30,14,8,61,33,45,66,10,87,66,2,93,35,35,40,3,77,73,43,89,7,72,43,83,94,85,67,66,99,60,19,73
12,40,29,39,54,80,12,57,26,85,81,75,30,65,24,89,12,52,19,94,39,22,30,11,76,81,12,93,34,81,15,83,92,16,95,31,99,70,73,6,95,63,1,50,2,7,45,38,15,47,17,53,15,49,84,22,84,56,44,54,69,83,14,1,4,70,7,96,58,29,40,45,91,92,46,85,79,69,65,10,95,29,9,0,41,81,97,92,72,20,51,86,12,75,49,60,26,73,21,54
10,45,8,59,58,30,54,38,95,31,49,0,46,45,21,50,61,67,48,57,0,68,20,70,82,48,61,9,54,72,53,26,11,42,17,6,52,98,2,25,60,7,5,63,87,2,31,47,83,35,39,42,65,43,67,57,81,82,94,88,39,92,1,69,70,73,54,46,95,93,58,65,53,19,46,13,99,20,93,50,33,86,38,64,21,8,82,29,35,10,20,30,93,55,8,97,39,44,57,84
64,44,56,65,4,68,19,96,73,36,0,9,94,2,61,7,92,63,91,56,40,37,78,75,91,40,93,85,21,30,58,55,54,17,38,49,82,21,0,6,98,26,52,57,32,42,25,69,66,47,44,86,90,78,23,26,16,0,7,95,69,12,44,54,30,34,25,4,60,15,13,35,4,12,9,86,65,7,76,34,9,57,91,7,89,58,96,74,20,77,50,75,44,38,62,93,82,66,32,63
51,76,34,19,41,48,6,95,10,84,45,31,32,21,89,61,24,73,62,56,0,60,48,84,6,63,26,66,25,22,30,30,71,65,37,26,58,32,35,50,67,64,26,34,35,63,11,99,83,35,49,0,27,56,22,48,25,62,96,52,60,2,88,77,26,36,62,79,18,1,14,61,99,81,11,1,18,67,27,97,5,67,68,71,9,72,97,65,26,2,59,85,76,43,94,9,37,19,99,21
97,51,61,94,21,60,66,15,23,67,8,8,59,20,99,70,50,39,52,38,34,38,33,4,92,28,95,46,16,84,28,69,26,56,91,62,86,43,70,51,0,84,15,65,36,48,21,18,65,64,72,16,60,25,18,92,18,5,84,8,41,70,37,83,11,28,17,85,79,96,16,57,10,56,79,76,89,28,0,70,19,73,14,81,56,99,7,61,10,52,11,50,85,66,74,67,74,92,33,80
33,33,87,28,0,30,59,19,9,51,72,98,60,17,89,88,86,19,11,76,65,71,20,34,5,53,39,62,79,22,7,12,89,61,5,27,31,51,53,39,35,69,93,32,0,77,15,98,67,71,42,88,71,27,11,64,70,86,87,71,69,4,65,60,19,87,95,44,32,43,72,17,70,6,9,47,16,34,42,60,82,83,18,19,91,98,2,8,63,15,25,30,35,37,20,51,1,90,16,97
72,53,78,52,56,2,33,80,88,22,33,67,4,92,62,25,56,81,14,53,77,43,75,85,5,19,44,79,72,28,72,91,67,52,8,0,42,30,83,71,51,29,89,59,97,14,74,26,31,18,69,6,93,19,74,11,10,57,70,4,84,5,22,85,27,96,45,62,80,68,41,82,90,88,62,26,0,59,34,92,97,72,45,17,46,79,16,84,56,26,64,92,72,64,78,89,79,87,13,38
75,20,73,67,93,86,83,96,5,63,42,63,99,19,5,50,10,56,0,74,29,85,49,5,95,66,89,93,96,72,27,70,86,33,27,72,95,80,77,59,59,41,10,91,11,88,82,32,75,81,58,93,77,98,88,50,98,42,8,49,60,63,83,35,63,1,8,32,11,50,70,34,2,82,73,29,84,5,46,64,16,91,40,99,54,0,19,10,98,60,96,60,18,82,61,63,26,5,2,5
97,50,87,5,72,41,63,3,71,70,82,78,60,44,50,61,49,53,19,49,22,67,44,52,54,77,93,21,27,28,11,94,69,1,45,63,53,91,82,11,42,40,29,64,88,93,20,75,24,53,37,75,63,30,69,76,92,74,31,73,98,15,18,93,21,25,96,37,32,38,25,86,14,19,7,85,2,18,34,80,54,61,16,79,29,78,39,83,93,43,11,87,1,17,95,91,17,22,91,84
75,89,23,16,41,64,45,28,10,32,16,24,24,89,96,78,59,81,48,94,81,15,29,31,62,31,70,66,34,97,21,21,42,12,64,47,73,46,85,39,70,74,66,52,14,54,50,11,88,19,51,29,6,76,56,35,87,16,15,4,96,28,33,82,27,51,65,62,23,63,96,47,30,76,84,78,3,10,59,54,65,72,47,83,16,51,44,68,89,16,23,24,71,14,85,22,69,26,57,33
80,80,79,77,43,6,18,1,35,96,92,63,66,16,55,20,17,64,53,99,16,74,58,75,7,56,41,33,5,60,90,48,10,87,38,49,97,18,1,54,50,97,72,18,68,11,65,85,26,55,7,47,98,68,1,33,1,62,55,57,20,68,67,50,49,24,50,8,83,52,51,34,32,17,37,3,70,70,10,32,33,74,53,51,5,40,97,76,7,20,65,77,79,65,92,43,50,51,58,35
18,9,38,44,88,45,77,49,11,66,99,77,98,10,58,7,93,54,14,51,87,72,76,67,82,74,65,31,50,34,62,81,7,27,34,7,8,30,1,81,74,73,65,16,45,91,79,27,96,28,33,76,54,19,86,7,22,64,14,21,92,17,47,21,61,33,68,64,99,98,59,57,97,31,25,65,12,32,73,62,31,11,15,14,51,13,54,48,70,74,26,80,38,4,48,88,37,71,30,17
54,19,7,67,26,56,82,56,40,15,14,4,79,96,42,58,16,31,11,62,61,39,10,28,91,48,23,92,84,58,55,99,66,42,29,9,45,56,29,93,96,50,1,57,39,99,36,29,36,7,3,52,15,91,49,38,19,4,73,26,54,57,64,48,58,2,85,6,46,85,62,46,55,80,93,22,16,28,72,67,26,43,90,36,37,64,24,61,97,83,28,30,73,57,97,59,65,91,53,51
85,99,30,10,44,56,69,72,23,32,77,6,53,66,11,70,27,90,84,10,2,38,58,65,80,87,63,88,21,88,71,87,19,41,47,67,58,69,62,61,47,50,37,24,5,54,85,80,1,29,59,98,86,5,93,36,86,76,42,61,63,50,91,91,13,61,5,63,36,94,57,97,63,50,86,22,62,94,89,96,79,34,80,94,87,84,23,97,34,97,8,99,77,9,3,35,42,33,75,3
81,17,60,51,46,67,29,89,5,74,4,26,24,14,95,91,4,55,86,54,15,86,15,5,73,87,0,23,42,24,94,11,87,0,33,93,26,55,98,95,47,54,95,80,51,7,94,81,95,73,7,14,52,85,67,23,22,62,91,76,28,80,51,15,24,3,1,37,8,22,40,28,4,54,69,13,23,49,14,27,2,13,1,84,46,22,62,45,1,74,10,34,58,45,22,38,38,14,46,59
84,87,96,21,39,69,20,45,38,67,66,52,44,89,21,94,99,68,67,13,40,52,85,97,57,40,91,56,19,6,32,38,66,97,19,57,15,1,46,13,17,84,0,74,40,8,99,13,60,5,7,12,54,1,1,30,62,49,52,38,71,57,5,16,35,38,56,29,96,34,20,3,57,98,65,17,40,50,43,13,61,82,17,60,39,74,70,66,77,35,46,87,78,39,89,48,11,97,47,26
83,97,88,79,61,25,54,6,3,44,97,68,35,78,96,90,14,93,53,20,93,85,41,81,61,54,89,1,64,82,73,47,50,80,8,96,90,84,91,55,62,6,84,74,12,63,16,72,54,28,91,13,78,72,13,21,10,4,51,21,50,98,10,7,95,96,50,55,75,35,31,17,96,38,71,85,32,11,30,93,74,24,54,33,27,24,8,58,45,85,85,12,60,42,13,25,67,68,6,25
40,32,33,43,38,79,26,74,42,17,74,16,60,52,73,98,33,49,93,55,26,2,21,24,78,83,33,93,52,15,70,19,88,82,48,54,30,52,50,61,56,93,42,54,22,90,91,77,62,3,8,16,9,39,61,23,44,36,84,34,37,74,30,91,83,92,88,63,97,18,24,50,10,70,13,41,38,41,82,27,90,60,29,29,58,65,72,5,72,11,65,43,38,82,41,4,5,47,17,87
46,86,91,97,6,65,24,69,23,88,91,7,19,38,58,6,65,7,58,69,50,8,44,10,81,41,32,0,97,97,53,26,19,63,72,26,33,68,77,37,49,96,21,28,43,46,58,82,98,73,45,19,74,44,25,37,62,81,1,73,48,31,89,7,90,26,20,94,18,19,95,95,64,64,26,73,97,95,83,3,94,4,17,81,75,58,57,98,79,73,42,37,78,27,55,33,82,24,74,70
88,26,37,48,99,65,61,58,24,1,74,91,63,42,70,34,45,8,28,84,94,22,83,96,80,1,62,88,89,44,13,1,73,13,16,64,9,43,93,10,91,49,18,38,54,13,10,39,6,50,22,42,28,8,2,12,91,64,86,45,98,81,68,34,72,15,43,99,96,70,58,85,69,53,53,29,31,79,85,9,95,87,58,80,61,68,86,56,16,62,56,21,78,44,62,89,15,10,70,45
71,10,59,0,6,61,14,49,58,97,82,31,95,16,25,23,81,12,65,91,50,17,83,80,2,71,65,78,37,4,88,88,56,77,67,34,46,17,63,97,24,4,53,75,78,93,11,61,55,72,83,89,5,20,2,47,98,73,80,42,29,70,93,87,77,78,71,27,42,41,67,82,49,59,45,94,74,40,83,60,4,35,37,97,88,77,89,39,0,67,88,86,91,74,47,10,33,20,50,5
54,69,64,30,49,0,41,42,20,72,43,55,14,56,67,73,39,60,89,70,93,54,59,62,92,54,48,87,52,95,85,56,78,67,18,57,21,90,18,15,39,3,6,74,75,80,56,99,9,38,65,38,33,35,98,12,57,27,16,67,75,35,21,74,3,3,81,24,12,51,56,96,45,0,3,7,85,62,73,30,15,30,62,95,80,46,24,21,32,31,0,64,96,26,60,60,99,45,57,60
0,17,26,72,32,83,81,86,85,60,96,80,79,26,11,11,18,19,73,57,91,85,99,11,18,67,82,16,82,58,38,66,34,89,91,43,42,6,36,49,17,18,86,57,62,75,8,92,28,64,70,8,78,21,43,69,71,11,33,98,30,74,20,3,7,10,24,29,71,24,27,4,8,0,43,60,71,75,27,53,75,17,28,79,56,66,57,13,78,28,43,68,57,23,11,70,55,73,19,58
77,45,27,84,88,51,14,0,57,16,43,66,89,27,52,90,67,66,53,41,51,96,45,68,37,59,81,0,54,21,87,45,96,85,32,2,22,5,81,91,42,73,0,0,69,93,20,62,46,51,0,79,83,95,68,17,10,17,93,91,66,56,50,68,22,66,18,59,86,14,68,45,53,60,46,65,81,47,11,32,86,51,34,25,45,88,12,29,37,65,65,26,9,63,31,96,63,21,13,34
45,79,74,56,78,57,88,83,16,25,11,67,22,74,80,46,92,0,7,34,23,75,52,68,0,2,77,65,47,88,74,57,68,19,93,60,97,49,81,93,38,86,33,98,2,17,61,86,20,89,84,17,8,8,89,12,63,13,61,1,21,31,20,31,94,44,30,81,82,3,23,98,85,43,70,11,70,59,47,83,18,4,6,55,23,4,63,11,98,76,40,92,67,3,0,90,71,21,76,81
24,91,59,27,8,36,49,14,12,91,30,4,23,51,87,38,86,38,62,72,73,80,98,81,1,85,42,0,67,72,26,97,29,80,97,30,95,48,34,31,15,80,9,58,78,25,87,70,12,36,67,69,24,10,97,74,58,77,68,64,9,37,71,96,51,96,70,77,44,51,23,75,13,47,12,71,2,39,32,39,42,53,21,68,19,26,45,24,62,86,8,24,37,94,8,88,84,97,79,46
36,25,37,18,57,54,53,18,73,97,62,76,98,42,59,1,52,33,36,92,84,17,60,64,45,67,83,99,56,91,64,90,2,58,15,89,66,20,33,74,40,2,53,54,98,37,40,44,4,20,60,89,4,90,14,64,9,54,63,29,94,14,9,38,4,39,6,24,47,82,80,12,36,23,50,8,47,28,23,28,7,90,78,30,76,7,61,66,92,64,1,50,54,76,7,36,7,41,37,85
62,22,1,26,31,37,69,10,66,98,74,32,9,80,0,49,48,16,67,82,75,85,99,15,28,20,43,85,57,94,3,9,56,52,50,90,43,90,46,15,5,80,99,35,37,81,46,52,35,2,85,91,90,7,25,63,36,60,31,71,70,94,13,46,60,64,68,6,62,63,94,63,65,68,32,37,89,40,30,40,60,1,41,33,4,22,72,97,61,58,8,63,78,53,58,65,98,77,35,81
77,3,87,50,28,77,97,24,63,86,35,40,60,20,50,54,57,87,92,31,60,31,18,71,3,30,34,1,35,50,68,68,70,83,15,53,85,21,51,79,57,8,58,81,29,73,2,30,5,18,13,65,70,10,3,55,89,9,62,14,10,97,85,0,42,33,13,54,81,24,45,34,46,34,0,44,96,20,74,2,18,45,24,64,15,40,33,75,64,21,15,6,22,63,12,63,95,9,87,68
66,19,37,95,74,86,9,15,0,59,46,70,41,58,17,89,24,80,45,6,11,25,84,93,36,31,12,31,24,94,32,23,57,17,5,77,74,53,37,66,70,85,87,2,53,77,77,11,24,77,60,88,92,29,92,87,86,73,34,12,6,7,83,40,13,23,83,14,40,38,5,80,27,68,62,9,14,14,95,45,19,24,11,39,27,60,68,90,76,79,90,2,50,44,62,38,64,75,80,59
98,70,99,67,43,82,34,78,24,90,32,40,66,96,81,93,6,86,83,45,74,64,3,11,58,95,82,31,32,88,91,87,8,17,14,26,40,37,34,26,71,11,72,57,71,98,20,35,90,72,6,3,26,32,19,1,25,33,21,37,57,25,99,67,32,3,6,16,0,81,30,70,84,43,70,81,26,88,62,18,40,99,72,80,33,1,88,14,52,81,3,92,33,50,84,22,97,32,88,95
13,60,98,38,25,80,83,31,24,47,91,53,49,61,90,20,18,39,90,48,55,5,88,90,33,31,96,22,37,8,82,33,97,79,59,92,2,91,28,98,57,26,11,9,9,51,9,60,37,33,82,93,65,51,42,3,0,92,55,7,79,43,0,7,57,30,86,96,22,79,61,60,5,47,18,7,66,50,47,96,56,57,65,94,75,20,11,84,61,14,95,29,37,42,33,59,90,31,52,55
58,29,31,44,40,86,78,53,71,14,64,31,11,49,96,75,47,39,13,9,86,10,45,73,31,15,77,37,48,58,42,68,81,2,3,8,62,45,97,77,10,0,66,54,37,26,32,35,0,76,64,98,43,42,44,73,33,24,25,21,41,6,36,30,12,0,35,64,0,75,74,84,77,65,30,30,63,85,9,34,68,76,83,80,40,98,55,31,31,63,78,9,58,83,0,56,28,6,7,93
59,8,27,88,53,97,26,89,44,4,71,50,16,94,66,55,46,41,76,28,15,77,45,14,57,81,51,24,31,13,56,2,9,54,74,98,43,53,57,24,55,95,78,85,33,50,90,85,80,70,9,1,88,53,14,4,35,46,32,35,63,78,94,95,65,1,3,30,97,10,76,72,99,82,40,99,8,74,95,81,66,52,24,53,30,76,48,15,80,79,27,25,28,83,13,12,51,10,15,33
47,48,44,23,82,22,12,4,35,43,86,4,36,67,33,37,85,88,84,87,78,68,85,95,85,65,99,86,54,84,54,83,48,82,75,78,90,31,87,29,34,23,16,15,61,15,84,39,50,95,60,16,89,66,60,33,37,44,15,37,9,76,1,89,46,71,73,64,88,14,14,89,16,80,51,55,16,89,71,72,11,51,18,52,26,89,39,20,30,55,6,11,88,20,14,61,71,0,15,14
57,80,98,4,19,17,82,37,25,5,97,75,59,75,15,17,83,51,14,7,78,22,18,21,16,91,76,37,4,31,97,74,93,71,66,67,46,98,18,94,33,10,54,30,86,41,80,62,17,58,59,36,44,24,60,49,65,93,54,42,5,55,73,16,13,95,30,27,72,5,94,30,66,53,16,4,19,72,69,61,27,30,76,16,83,6,90,36,85,57,96,21,62,17,99,66,22,89,72,31
5,2,43,43,30,73,83,60,36,22,76,31,80,45,5,3,36,39,8,8,79,61,51,19,60,49,50,42,18,22,49,75,36,3,6,47,69,69,39,9,6,24,90,66,19,60,73,37,37,93,58,14,84,71,57,43,28,78,44,65,92,84,9,38,55,68,52,38,61,8,99,84,4,75,70,38,45,31,92,82,50,31,54,89,62,17,25,80,81,16,2,55,17,65,23,34,30,36,8,93
98,79,58,53,79,10,14,34,85,72,6,91,71,13,2,97,27,3,5,16,75,99,72,42,52,39,40,52,94,26,96,77,97,31,40,15,53,39,70,24,38,7,83,78,73,41,49,54,20,98,48,77,77,39,19,78,84,14,62,3,95,96,95,88,6,5,78,19,0,40,54,8,12,71,65,33,89,67,93,47,27,42,62,70,30,24,81,91,18,56,79,91,18,48,77,86,4,14,95,3
81,94,68,10,75,81,9,2,97,42,35,51,81,13,94,49,15,34,67,41,62,82,94,67,46,44,21,3,21,13,94,94,27,76,97,99,44,30,14,83,25,98,89,78,67,64,92,69,87,75,49,23,96,88,76,89,51,14,78,87,41,48,83,20,46,91,73,6,39,85,70,26,19,83,33,50,8,88,42,18,98,77,63,87,2,72,82,63,27,88,95,72,91,4,48,82,49,29,6,92
87,21,26,13,54,18,83,27,70,45,31,89,1,86,9,70,2,33,74,13,19,79,85,17,32,1,92,64,80,66,21,3,83,54,51,63,25,35,95,45,1,32,74,63,20,45,81,76,13,0,81,46,41,84,88,77,79,27,33,31,37,33,69,22,78,6,13,56,46,99,34,27,44,52,4,25,34,39,5,95,5,31,59,30,12,8,42,17,23,93,26,33,4,17,5,19,93,51,66,76
33,90,30,42,59,78,13,7,38,57,62,23,22,70,94,80,26,78,43,80,91,82,7,35,41,98,94,27,28,35,30,25,31,0,4,74,47,98,59,32,20,45,32,34,98,99,12,27,65,5,17,96,69,91,4,27,90,74,10,27,45,37,20,6,96,78,20,0,77,5,49,61,31,46,68,49,55,11,85,71,49,64,78,15,70,7,52,90,94,19,94,20,84,88,57,59,20,25,34,33
84,63,39,11,30,29,98,4,18,21,46,85,66,45,75,57,7,72,17,92,78,67,19,92,42,21,37,34,72,45,92,78,54,92,96,17,61,4,80,13,61,33,1,23,81,60,26,96,91,66,39,65,43,96,81,61,21,2,63,81,49,55,59,53,73,45,42,19,99,69,18,79,20,47,65,95,96,25,91,65,70,71,18,5,95,54,12,99,38,18,18,75,67,43,52,41,88,8,2,11
53,94,52,18,51,23,48,71,32,51,2,66,60,20,39,55,73,20,48,64,6,50,85,73,85,27,1,84,41,90,72,28,46,77,26,22,27,52,22,79,16,81,8,45,80,31,84,17,9,3,72,8,83,21,8,86,96,98,61,56,19,80,5,75,67,30,95,12,3,90,77,70,30,44,4,28,33,67,14,10,22,52,69,63,53,22,81,96,50,48,66,63,63,60,70,16,5,58,37,15
12,94,14,18,55,93,18,11,74,76,63,69,94,86,99,21,11,46,10,9,97,32,5,55,52,93,68,6,30,37,85,87,61,55,71,19,56,77,52,23,41,74,14,53,73,36,52,84,10,31,29,77,75,92,2,29,43,30,95,53,45,27,53,60,68,73,56,15,71,31,85,26,64,11,35,43,14,48,52,92,71,92,65,63,86,69,7,58,93,35,49,98,50,46,38,16,42,82,87,55
5,46,4,38,5,19,88,92,13,30,31,18,81,36,82,53,89,71,67,97,98,84,80,58,25,93,44,72,93,90,98,62,39,48,42,53,96,51,24,3,52,5,53,72,95,28,98,13,71,58,91,36,0,84,13,29,9,64,50,57,34,61,11,46,63,99,35,86,94,14,4,23,28,67,84,29,87,13,65,6,52,91,33,76,70,31,68,24,21,25,16,36,93,57,92,36,36,3,88,58
60,79,41,82,36,97,44,65,83,85,45,32,28,75,31,6,40,62,15,50,20,36,99,80,53,90,73,23,60,80,68,77,54,53,47,57,75,24,33,55,12,90,37,41,30,45,48,89,28,78,65,9,91,25,72,89,73,67,25,52,3,12,49,4,92,46,27,18,35,57,12,22,40,78,17,93,20,17,59,42,24,5,34,32,55,63,41,13,61,99,58,99,1,79,59,88,20,35,88,20
28,43,82,66,21,68,45,98,41,70,34,42,64,0,92,21,78,23,13,26,75,73,16,96,55,9,49,16,32,21,2,97,62,16,22,60,89,74,70,77,17,94,58,95,2,19,54,74,72,35,0,20,92,95,17,35,96,44,8,70,84,17,14,73,41,68,2,45,50,79,32,63,12,22,1,60,85,79,93,97,25,56,56,99,79,21,71,14,99,92,59,62,61,59,44,99,94,24,83,94
98,46,95,97,92,7,74,58,47,57,46,7,35,8,79,55,68,41,55,28,83,25,69,2,66,7,26,21,55,92,60,26,98,20,75,15,0,77,96,91,65,57,20,17,90,92,89,16,56,59,13,33,2,52,33,48,9,83,66,89,83,18,74,20,98,19,67,67,91,74,77,80,54,94,8,78,96,22,89,8,36,43,40,24,57,90,21,47,71,91,9,82,65,5,69,96,3,86,21,21
8,33,65,30,90,39,23,87,71,89,48,57,85,64,37,49,65,88,54,57,17,43,61,52,73,2,5,4,71,3,5,57,88,16,84,77,11,35,15,18,61,66,86,4,41,13,69,40,73,47,35,63,19,39,57,49,83,74,96,1,88,41,70,45,8,17,48,99,18,61,28,21,3,25,52,81,61,61,72,77,84,5,85,59,17,7,85,43,84,61,10,56,56,72,53,11,57,1,64,13
39,47,11,29,52,29,70,80,21,58,37,35,65,83,95,82,15,53,49,92,74,1,55,77,94,34,73,29,48,98,6,8,65,34,24,56,59,73,30,34,47,94,45,20,76,1,21,3,11,11,12,35,72,35,10,59,93,77,64,27,19,33,85,41,93,17,34,23,11,18,28,37,17,48,15,60,92,47,88,7,11,26,2,91,16,45,81,91,72,43,30,43,31,34,26,11,66,58,57,69
60,83,31,88,68,31,88,27,27,30,19,7,53,62,36,97,64,6,4,90,51,64,68,9,52,1,73,94,60,59,71,23,36,86,24,58,47,52,34,62,27,7,56,38,30,7,90,54,32,44,31,56,68,69,51,83,99,18,82,95,63,38,33,39,89,2,43,55,25,16,11,65,57,21,35,7,34,59,39,40,89,92,24,40,38,24,89,36,32,51,27,56,41,35,55,10,9,9,54,84
45,89,95,3,54,0,8,16,57,27,60,82,57,71,28,34,73,64,83,26,56,99,9,7,33,55,21,41,2,59,64,37,21,42,83,85,9,61,52,58,69,98,70,48,73,50,57,69,23,92,25,94,33,72,68,20,89,6,1,44,3,10,99,24,10,64,36,57,11,27,82,55,24,90,23,51,13,3,87,27,29,38,0,18,39,48,12,71,64,12,33,71,57,37,32,47,24,62,77,49
12,76,69,81,1,84,3,51,43,18,31,13,6,62,14,48,31,37,86,78,44,84,34,58,41,83,64,85,60,56,28,14,57,68,50,78,73,5,83,46,14,99,62,80,45,82,84,78,77,76,86,42,97,15,96,17,35,60,13,76,59,3,25,24,76,26,7,56,12,67,63,11,81,51,93,6,48,24,50,49,0,59,71,74,24,76,98,17,34,84,83,95,18,0,13,52,61,52,32,43
1,95,90,89,7,27,93,57,17,76,68,92,74,68,53,21,23,92,0,95,13,0,38,44,42,48,32,31,68,56,36,60,36,36,45,25,0,74,74,68,84,79,1,33,84,77,11,56,76,25,49,7,15,13,73,32,56,32,32,10,61,82,71,91,44,34,27,98,18,94,22,98,12,54,48,83,85,68,73,19,73,51,43,94,9,31,45,50,61,71,54,0,5,4,56,37,1,11,8,96
11,68,82,47,17,25,67,71,0,68,15,40,60,72,87,66,64,32,48,83,56,77,65,46,49,86,15,85,72,9,69,1,5,2,46,91,58,16,13,22,27,30,22,5,15,31,68,17,74,76,22,27,47,53,58,80,67,26,73,70,39,48,28,0,80,27,58,78,84,0,90,63,80,76,11,13,22,54,47,79,9,63,75,98,12,97,73,98,76,91,46,88,43,49,20,25,85,84,10,98
90,58,51,33,22,71,78,89,15,86,53,23,35,34,70,33,40,44,4,62,97,86,15,44,18,70,81,37,61,70,54,90,17,17,41,59,68,6,21,75,29,79,51,39,39,77,63,49,25,22,78,23,82,77,38,9,66,56,63,80,41,16,37,13,74,87,50,6,58,73,82,94,56,28,65,79,83,54,98,76,50,3,45,61,3,37,38,31,64,10,22,98,29,28,2,69,90,85,22,86
49,10,63,87,79,36,59,88,49,82,56,55,29,83,15,48,97,9,1,10,72,34,63,64,79,73,71,25,38,48,34,82,69,47,50,0,90,7,67,42,75,76,36,51,29,81,95,90,65,4,68,80,83,70,10,87,45,55,91,36,54,21,26,51,4,56,89,99,53,52,88,23,41,0,11,37,33,12,51,29,7,88,91,78,22,13,72,85,64,95,89,53,15,99,41,99,45,43,34,72
54,69,19,43,97,67,16,95,90,44,9,51,99,98,0,47,83,90,24,68,21,2,24,84,20,81,80,49,28,45,46,92,44,92,48,44,60,30,40,75,83,48,19,76,42,66,53,54,25,16,80,58,21,81,92,47,27,60,56,95,73,54,85,43,38,25,28,74,59,71,19,39,19,86,26,62,2,51,92,10,0,83,37,22,33,92,41,40,75,49,97,94,15,12,53,1,17,10,69,66
13,74,43,34,57,28,93,75,49,77,3,46,39,21,20,59,30,58,85,41,63,41,27,67,81,56,69,37,22,93,58,66,68,58,60,37,3,39,78,83,27,70,40,72,77,46,41,20,17,14,99,43,90,56,22,49,82,66,8,10,0,19,16,37,2,70,71,90,2,69,50,40,19,13,68,25,7,58,71,41,96,21,66,58,52,46,33,87,83,55,22,37,92,58,5,64,66,66,38,58
52,79,69,83,90,37,79,95,53,87,76,77,36,47,20,38,45,47,84,17,8,0,78,16,61,23,40,30,26,84,93,68,35,73,77,10,42,76,81,85,40,38,67,21,84,62,67,51,78,91,65,83,66,74,66,45,77,65,25,70,90,70,7,92,9,45,28,99,96,54,72,81,84,4,91,25,2,17,20,12,23,42,22,16,54,81,46,96,66,88,15,33,75,63,78,71,10,32,45,4
95,30,31,64,41,79,76,85,11,35,24,77,94,26,60,47,47,59,75,2,76,56,55,42,30,50,25,17,64,30,38,22,88,46,41,27,59,64,78,0,19,65,8,31,21,42,61,79,47,23,74,5,21,34,58,85,17,67,91,99,50,30,26,15,16,5,27,98,32,7,70,88,2,38,90,92,24,27,0,58,28,57,18,18,94,42,49,97,31,88,23,94,65,55,73,25,54,0,6,6
60,50,43,79,50,98,69,95,43,86,89,92,89,39,25,50,24,5,28,98,12,39,79,88,17,88,3,49,91,48,0,14,17,15,71,25,22,40,34,40,34,53,61,25,86,90,73,10,63,64,18,71,45,98,81,44,3,18,45,68,86,11,89,79,46,38,41,51,42,37,26,25,6,59,35,42,62,10,48,2,19,13,16,81,18,10,60,71,39,42,81,51,76,60,43,12,17,90,43,35
5,77,6,13,53,11,35,71,88,41,36,36,19,86,71,10,74,20,95,44,86,44,40,30,54,56,73,8,91,44,9,27,37,96,51,89,69,94,28,43,20,71,16,71,9,10,68,79,61,53,73,85,96,75,73,60,80,29,1,92,40,74,6,10,25,92,15,36,79,43,74,79,44,53,97,74,23,14,3,79,65,44,84,27,30,41,15,73,17,11,7,8,12,97,89,3,64,78,81,30
80,63,86,35,41,24,81,71,66,53,70,33,19,12,61,68,86,44,8,58,73,16,77,85,41,17,26,53,81,75,58,46,22,53,89,58,51,38,78,65,70,56,1,53,61,45,79,16,73,20,11,54,82,36,66,52,44,44,50,1,26,83,50,74,43,64,28,74,99,36,33,90,10,9,89,88,8,14,26,99,66,11,97,67,14,51,68,47,17,22,31,4,77,10,58,86,49,8,59,97
82,54,18,57,95,35,11,20,89,3,1,68,16,87,38,11,86,95,9,86,1,99,65,10,94,92,88,29,3,24,59,57,71,53,22,32,8,79,3,82,63,16,23,58,84,5,12,10,47,88,60,56,52,60,97,38,89,9,90,82,15,62,30,7,88,0,34,73,43,33,1,42,92,20,99,50,44,10,21,39,34,34,1,85,66,93,34,16,52,61,58,9,48,72,64,97,24,20,22,53
52,73,73,61,31,75,57,97,48,84,41,65,35,61,78,21,78,51,34,38,2,91,47,99,99,34,14,58,72,3,15,86,1,29,40,2,69,96,55,0,59,85,61,75,68,73,84,8,47,2,57,20,12,56,14,3,51,71,81,49,80,74,88,34,80,92,24,12,45,57,59,82,36,84,14,65,62,47,10,62,13,20,55,92,83,5,21,78,69,70,3,95,21,29,18,6,12,23,95,6
10,1,54,62,74,8,62,31,5,74,84,11,47,18,43,40,41,13,88,75,30,42,15,79,35,6,88,25,73,65,79,12,39,92,81,22,60,96,21,35,91,5,75,33,5,71,48,3,1,88,35,39,18,41,46,37,74,76,65,28,63,49,80,62,86,64,16,80,38,70,90,50,70,47,22,58,7,47,36,93,47,10,57,38,64,73,37,15,73,33,49,49,20,7,65,90,12,50,43,30
25,34,8,65,51,82,44,95,39,21,38,16,45,26,40,33,68,62,88,79,46,74,42,66,22,36,64,18,24,2,1,64,39,75,74,90,69,96,13,29,25,50,74,8,27,31,26,71,15,10,75,54,66,48,44,22,41,9,57,53,14,18,87,65,47,71,35,17,39,65,92,43,10,54,38,88,75,74,58,17,94,26,75,49,40,99,3,40,60,3,44,44,15,34,76,36,49,17,71,49
55,31,99,48,67,37,56,95,95,7,88,4,78,87,83,96,75,85,82,55,27,76,46,86,61,7,47,49,17,30,10,97,91,98,4,25,40,51,16,69,80,39,88,0,66,58,2,17,34,37,77,89,62,70,55,72,60,98,8,54,30,39,39,45,80,40,51,24,17,84,34,12,83,81,99,81,73,31,88,87,87,12,44,96,7,45,87,28,34,78,5,45,22,79,30,25,98,23,46,72
76,5,56,97,20,78,34,9,46,80,91,10,50,4,82,21,81,40,62,93,44,67,68,33,21,14,8,4,69,54,23,51,54,85,6,72,68,64,82,17,40,73,76,59,6,14,29,5,38,85,9,93,46,52,92,55,7,61,42,87,56,56,92,61,26,84,71,83,6,92,26,31,42,93,0,35,75,39,38,7,94,20,23,70,25,38,1,46,33,66,78,56,62,7,31,57,88,74,35,11
11,77,76,30,7,70,34,93,48,44,62,69,34,52,77,62,81,66,81,17,6,36,10,76,55,21,52,87,51,8,52,14,1,47,46,71,60,76,90,85,16,2,84,79,77,42,39,98,9,70,83,66,66,48,98,68,46,66,20,58,66,13,52,9,41,65,44,64,93,41,58,5,20,20,82,46,25,8,40,14,31,72,69,4,60,27,12,93,43,30,71,98,77,34,22,82,32,56,40,10
69,42,74,30,54,57,67,72,78,68,71,14,32,45,53,55,28,83,53,46,58,12,71,62,92,24,26,65,86,83,29,90,83,65,67,48,62,45,29,22,52,58,23,27,53,10,40,99,86,8,94,99,11,88,79,55,49,91,92,11,98,49,43,50,81,37,24,82,5,16,50,89,24,88,95,20,77,3,75,55,87,53,63,62,58,66,39,78,70,92,29,16,48,75,61,85,72,37,61,5
52,66,82,22,4,19,33,50,45,95,99,88,1,77,75,71,72,0,39,83,64,61,75,58,16,42,22,87,93,3,13,3,35,48,20,48,22,34,48,26,18,98,99,15,88,67,41,86,28,66,84,44,78,52,99,38,69,44,14,49,75,91,21,8,46,54,43,85,89,0,30,4,99,60,46,61,25,15,62,67,6,19,89,60,24,31,63,9,17,46,68,86,93,26,37,92,49,23,47,97
95,98,15,61,17,36,26,14,70,59,93,65,28,60,78,34,88,93,50,19,77,45,92,37,8,51,64,48,33,62,47,70,14,79,77,56,27,3,44,76,96,84,6,60,29,78,9,66,40,18,13,8,94,64,3,44,10,56,56,7,1,15,55,22,52,21,85,80,75,51,72,77,75,22,53,12,85,29,88,61,13,85,23,43,74,21,66,66,12,90,46,40,32,34,19,38,60,97,32,60
72,68,23,54,57,89,82,13,17,29,93,2,8,68,66,96,96,49,22,91,62,70,38,66,61,39,38,74,42,77,51,82,91,65,48,58,18,43,57,57,86,79,18,51,39,39,68,15,50,31,31,13,40,82,95,37,35,76,8,13,37,62,54,31,31,54,96,35,49,49,77,34,45,88,74,17,19,79,61,61,30,24,99,22,85,62,52,0,8,66,9,89,79,67,61,22,50,71,84,86
62,92,80,73,73,95,86,88,20,31,83,47,79,49,13,25,66,46,27,60,78,29,85,88,81,4,48,85,11,83,63,55,21,71,96,62,28,25,34,89,41,59,26,42,73,84,11,37,66,46,32,93,93,51,19,55,83,47,70,55,89,28,48,79,88,29,39,37,25,98,98,82,21,60,23,11,71,91,49,21,55,67,77,27,62,74,79,61,13,13,62,7,33,78,73,55,46,94,52,91
84,61,42,38,87,7,48,34,22,27,18,23,74,10,32,3,1,33,59,60,61,5,5,11,32,29,33,58,98,6,1,25,14,75,51,6,31,33,98,25,91,70,97,85,59,81,29,90,70,97,74,43,63,64,6,98,43,71,42,24,99,51,34,14,86,6,53,17,0,97,49,19,67,1,3,83,41,73,26,94,82,52,68,45,89,15,47,51,61,86,81,93,12,23,6,90,71,42,49,96
60,83,13,58,94,85,35,82,69,34,10,87,15,91,56,74,50,83,13,6,62,14,49,12,31,16,7,74,91,98,79,7,72,78,45,0,54,23,50,65,54,68,38,16,37,98,0,7,97,53,1,83,96,89,75,3,3,25,37,32,66,33,36,93,58,97,92,4,12,79,1,41,80,27,99,3,65,24,31,2,61,56,13,84,31,28,37,73,97,49,6,42,64,25,59,43,88,23,57,99
7,6,12,65,48,78,83,15,38,88,21,97,64,91,71,64,72,85,51,77,52,37,17,61,71,5,49,56,14,27,24,95,19,76,17,60,31,65,74,6,67,43,61,44,50,86,28,68,30,65,45,67,44,3,93,2,36,22,62,34,15,11,18,88,43,36,50,16,83,3,58,44,1,61,61,81,93,87,99,63,42,43,40,90,84,50,88,50,20,74,87,97,75,39,19,71,93,70,11,34
41,47,35,40,83,96,65,86,39,67,36,34,45,5,6,28,94,87,99,79,17,87,51,92,58,72,42,81,54,33,14,14,60,22,89,22,50,93,41,3,44,44,35,45,6,83,78,43,79,91,40,21,19,93,55,53,56,21,95,29,98,32,60,9,32,84,21,53,44,85,70,53,64,6,15,44,5,59,58,53,97,9,39,2,46,94,44,95,75,12,37,76,68,92,85,1,31,91,6,95
5,67,84,86,83,12,46,19,29,92,10,69,93,22,26,12,57,49,29,60,23,90,17,34,80,78,52,31,71,32,53,39,21,89,4,15,63,97,69,60,92,94,82,49,67,15,45,79,11,18,14,65,74,74,49,18,63,94,94,96,71,26,46,3,23,67,14,7,65,78,40,0,46,45,30,70,39,77,1,72,53,12,58,85,45,20,76,88,23,93,5,51,6,11,50,0,75,93,99,11
51,91,6,88,59,54,10,63,79,50,79,92,86,5,78,0,88,12,20,20,99,68,51,68,96,56,32,70,6,10,75,28,72,35,32,43,24,15,94,33,56,95,0,22,5,89,5,46,65,56,12,91,27,20,23,80,39,42,24,29,48,20,77,67,30,71,54,20,52,73,40,56,11,87,66,75,56,44,2,20,81,39,45,26,64,95,80,0,35,57,75,57,30,34,68,65,50,38,43,24
63,53,78,72,63,87,1,34,71,12,64,5,91,76,62,71,49,5,45,0,36,67,84,86,0,21,19,64,33,12,9,5,67,38,3,79,20,2,10,66,70,50,45,7,13,24,65,10,0,74,34,76,65,39,1,85,97,52,59,31,55,95,30,89,19,47,47,99,34,53,38,56,4,86,75,8,82,87,28,19,71,41,73,64,0,59,47,34,85,30,17,64,53,68,46,89,39,42,82,99
8,23,70,45,6,54,59,55,5,70,39,32,32,18,33,83,48,73,13,14,94,38,12,21,15,80,12,22,33,25,25,45,55,78,82,76,45,2,34,49,66,77,21,78,62,23,33,16,27,38,71,36,23,12,45,95,42,22,89,81,26,91,93,53,5,33,53,50,7,56,17,98,3,40,18,16,27,5,36,53,97,76,50,43,6,36,61,97,84,92,46,67,95,96,83,81,52,6,7,55
31,38,65,80,71,93,49,84,44,73,63,10,99,66,50,31,31,48,51,17,83,20,20,74,31,11,93,91,97,57,21,35,25,13,26,28,37,78,3,65,60,43,50,18,68,88,53,71,39,21,91,92,98,4,30,58,89,85,17,28,88,10,69,10,72,18,84,99,44,30,80,15,63,62,41,54,14,38,65,96,0,85,59,52,71,54,16,37,67,4,67,33,71,50,11,39,99,80,54,34
91,29,7,89,86,61,0,28,33,61,67,78,96,82,12,84,74,44,3,87,13,1,75,71,77,21,6,3,8,0,82,34,85,29,65,57,10,50,84,61,12,53,8,18,37,65,16,13,67,27,42,35,34,37,87,27,55,39,6,27,82,65,38,31,21,68,62,23,12,36,6,13,38,32,55,89,34,5,42,66,45,21,83,50,40,87,4,61,10,19,86,86,53,24,91,71,72,25,89,66
16,73,48,39,35,37,37,77,60,95,62,67,92,48,18,87,13,54,68,38,88,9,69,87,6,73,29,43,90,9,36,79,1,52,44,1,94,11,84,45,25,65,83,82,83,96,50,5,85,71,85,16,20,80,34,44,96,70,18,56,7,41,62,40,43,33,40,30,89,52,78,22,2,55,10,77,89,89,19,76,95,82,46,28,41,61,75,82,12,8,88,27,86,49,65,58,23,14,34,46
30,77,52,31,65,11,23,16,95,10,40,18,75,36,91,92,36,8,89,16,24,6,76,91,72,87,25,70,37,40,94,47,74,87,17,49,49,83,14,8,9,64,83,61,33,30,2,67,93,45,48,35,35,59,37,17,25,53,3,65,79,57,4,68,50,16,12,29,55,89,49,23,45,2,80,70,73,94,15,20,83,17,30,17,60,59,96,15,80,0,8,67,14,3,4,32,48,32,87,76
77,35,81,82,52,51,70,68,24,96,2,9,6,4,25,50,4,51,8,95,89,6,77,18,32,79,82,38,40,70,91,9,21,66,16,32,24,89,71,93,51,89,33,27,41,12,29,43,85,1,2,63,48,93,7,89,66,88,81,81,48,93,86,6,20,43,10,40,40,52,36,96,62,70,48,67,99,61,23,21,85,94,94,1,87,19,70,85,20,75,20,77,20,38,42,46,90,88,75,69
35,95,61,61,7,36,85,15,29,45,79,16,82,4,68,36,70,62,85,57,65,38,25,40,64,64,23,52,86,29,61,4,7,97,29,77,52,78,68,98,92,72,66,58,53,87,72,98,60,6,6,51,6,95,92,20,58,39,45,53,58,73,77,32,4,77,44,87,78,16,79,1,40,51,20,92,98,55,85,76,43,99,10,93,68,63,67,50,70,49,37,67,61,88,34,49,28,43,50,93
38,60,22,73,60,99,79,7,87,20,14,22,8,9,93,35,55,90,44,47,44,3,66,50,34,13,45,4,79,57,28,13,62,86,97,50,93,84,71,52,76,14,88,79,6,6,50,21,92,46,52,69,19,61,24,7,99,12,85,81,57,91,47,38,30,90,57,30,45,96,36,56,95,8,79,86,53,88,61,34,35,97,96,79,35,89,40,55,73,41,93,52,57,27,63,29,30,63,39,6
44,56,56,87,28,94,38,86,1,3,66,75,78,98,75,36,22,87,5,18,42,58,36,6,40,25,63,29,26,5,56,49,42,82,72,18,61,30,75,45,74,25,95,40,72,36,64,25,85,54,34,6,86,75,44,39,15,69,61,44,21,14,6,32,72,28,16,3,2,14,35,57,69,78,37,96,81,1,34,52,20,91,60,38,27,39,92,5,39,22,47,82,70,8,11,87,27,13,77,38
77,4,57,50,79,81,83,45,2,90,83,90,57,52,91,63,95,97,24,24,87,85,2,31,59,6,12,98,63,11,82,75,34,83,42,21,97,80,16,44,75,59,52,0,62,48,51,41,23,61,96,43,41,11,79,49,39,16,43,32,42,10,58,77,71,15,28,91,98,24,68,91,34,62,69,81,52,81,73,39,54,31,79,67,13,64,36,10,64,80,22,17,24,5,92,94,70,88,11,3
97,77,43,31,32,70,51,81,77,0,87,1,19,72,34,84,45,29,79,94,38,9,27,71,82,30,87,7,74,78,70,32,24,29,1,66,51,18,84,19,69,81,64,4,55,46,10,98,75,34,58,20,44,17,68,84,39,70,89,96,64,36,51,0,74,63,31,89,77,79,74,72,76,85,82,27,74,81,75,19,53,73,47,39,72,36,81,88,16,22,21,81,30,83,88,10,11,1,5,49
53,39,73,9,99,38,94,61,88,38,55,50,84,97,54,42,85,20,58,72,47,75,46,99,50,51,69,18,33,26,93,82,64,14,54,47,12,89,11,28,67,76,0,35,35,42,11,86,92,54,89,57,50,31,28,93,93,45,4,90,25,34,68,94,93,94,89,4,0,22,32,46,90,89,72,8,64,29,0,97,34,26,11,31,69,63,37,87,25,70,64,38,35,23,43,38,32,56,43,43
9,51,1,3,99,58,12,14,27,66,67,91,42,81,96,2,12,59,14,36,37,38,65,28,2,68,50,66,26,71,16,95,19,89,9,88,60,67,57,80,20,67,68,0,93,85,68,92,60,24,38,72,60,85,74,55,66,10,60,37,39,78,52,58,99,71,42,41,47,71,14,98,46,97,36,27,9,14,16,12,79,87,58,22,42,3,3,19,80,41,13,71,71,6,95,50,81,55,48,47
81,1,71,64,0,37,59,14,37,36,84,91,11,62,76,54,29,2,37,59,59,91,31,10,30,29,76,85,54,83,21,3,91,28,42,72,9,23,64,84,58,62,83,16,48,57,15,46,90,46,26,60,3,6,11,81,43,37,2,83,50,49,16,12,68,57,79,6,42,35,1,91,93,60,14,47,43,57,94,38,75,54,38,65,49,37,4,64,65,73,6,84,18,66,61,16,27,70,54,50
